kinematics:
  shoulder:
    x: 0
    y: 0
    z: 0.1626777222787086
    roll: -0
    pitch: 0
    yaw: 6.509461791120996e-08
  upper_arm:
    x: 0.0002199605686914567
    y: 0
    z: 0
    roll: 1.570838216136673
    pitch: 0
    yaw: 1.147113455334423e-06
  forearm:
    x: -0.4249914740260562
    y: 0
    z: 0
    roll: 3.140485646128096
    pitch: -3.140304874117676
    yaw: -3.141580266395958
  wrist_1:
    x: -0.3924157077208942
    y: -0.0007233348733750828
    z: 0.1326792535615719
    roll: 0.005451701662870147
    pitch: -0.000834646271159476
    yaw: -1.017783616378071e-05
  wrist_2:
    x: -7.704847249622513e-07
    y: -0.09964361882827304
    z: 7.725856334286038e-05
    roll: 1.570020978119591
    pitch: 0
    yaw: 6.504263363529827e-07
  wrist_3:
    x: -3.241866551393937e-06
    y: 0.0994522454387856
    z: 9.941801759247885e-05
    roll: 1.571795982298272
    pitch: 3.141592653589793
    yaw: -3.141592220473683
  hash: calib_3525627788586775297
